445 16.0 0.0 -55.0
602 16.0 0.0 -55.0
416 16.0 0.0 -55.0
485 16.0 0.0 -55.0
568 16.0 0.0 -55.0
429 16.0 0.0 -55.0
433 16.0 0.0 -55.0
499 16.0 0.0 -55.0
459 16.0 0.0 -55.0
424 16.0 0.0 -55.0
536 16.0 0.0 -55.0
496 16.0 0.0 -55.0
504 16.0 0.0 -55.0
422 16.0 0.0 -55.0
609 16.0 0.0 -55.0
498 16.0 0.0 -55.0
401 16.0 0.0 -55.0
575 16.0 0.0 -55.0
518 16.0 0.0 -55.0
402 16.0 0.0 -55.0
541 16.0 0.0 -55.0
482 16.0 0.0 -55.0
431 16.0 0.0 -55.0
438 16.0 0.0 -55.0
457 16.0 0.0 -55.0
527 16.0 0.0 -55.0
483 16.0 0.0 -55.0
524 16.0 0.0 -55.0
415 16.0 0.0 -55.0
542 16.0 0.0 -55.0
589 16.0 0.0 -55.0
437 16.0 0.0 -55.0
532 16.0 0.0 -55.0
480 16.0 0.0 -55.0
578 16.0 0.0 -55.0
486 16.0 0.0 -55.0
406 16.0 0.0 -55.0
573 16.0 0.0 -55.0
507 16.0 0.0 -55.0
562 16.0 0.0 -55.0
585 16.0 0.0 -55.0
419 16.0 0.0 -55.0
587 16.0 0.0 -55.0