490 16.0 0.0 -55.0
528 16.0 0.0 -55.0
533 16.0 0.0 -55.0
544 16.0 0.0 -55.0
407 16.0 0.0 -55.0
565 16.0 0.0 -55.0
455 16.0 0.0 -55.0
530 16.0 0.0 -55.0
526 16.0 0.0 -55.0
466 16.0 0.0 -55.0
604 16.0 0.0 -55.0
492 16.0 0.0 -55.0
474 16.0 0.0 -55.0
588 16.0 0.0 -55.0
434 16.0 0.0 -55.0
502 16.0 0.0 -55.0
503 16.0 0.0 -55.0
494 16.0 0.0 -55.0
579 16.0 0.0 -55.0
545 16.0 0.0 -55.0
411 16.0 0.0 -55.0
546 16.0 0.0 -55.0
559 16.0 0.0 -55.0
508 16.0 0.0 -55.0
571 16.0 0.0 -55.0
400 16.0 0.0 -55.0
403 16.0 0.0 -55.0
517 16.0 0.0 -55.0
410 16.0 0.0 -55.0
551 16.0 0.0 -55.0
500 16.0 0.0 -55.0
444 16.0 0.0 -55.0
556 16.0 0.0 -55.0
557 16.0 0.0 -55.0
418 16.0 0.0 -55.0
572 16.0 0.0 -55.0
423 16.0 0.0 -55.0
414 16.0 0.0 -55.0
516 16.0 0.0 -55.0
582 16.0 0.0 -55.0
467 16.0 0.0 -55.0
443 16.0 0.0 -55.0