470 16.0 0.0 -55.0
404 16.0 0.0 -55.0
514 16.0 0.0 -55.0
603 16.0 0.0 -55.0
600 16.0 0.0 -55.0
596 16.0 0.0 -55.0
597 16.0 0.0 -55.0
598 16.0 0.0 -55.0
599 16.0 0.0 -55.0
427 16.0 0.0 -55.0
601 16.0 0.0 -55.0
413 16.0 0.0 -55.0
426 16.0 0.0 -55.0
436 16.0 0.0 -55.0
547 16.0 0.0 -55.0
489 16.0 0.0 -55.0
479 16.0 0.0 -55.0
534 16.0 0.0 -55.0
432 16.0 0.0 -55.0
515 16.0 0.0 -55.0
442 16.0 0.0 -55.0
440 16.0 0.0 -55.0
475 16.0 0.0 -55.0
543 16.0 0.0 -55.0
605 16.0 0.0 -55.0
495 16.0 0.0 -55.0
567 16.0 0.0 -55.0
428 16.0 0.0 -55.0
405 16.0 0.0 -55.0
535 16.0 0.0 -55.0
458 16.0 0.0 -55.0
580 16.0 0.0 -55.0
439 16.0 0.0 -55.0
561 16.0 0.0 -55.0
409 16.0 0.0 -55.0
560 16.0 0.0 -55.0
550 16.0 0.0 -55.0